a3 = 0:11/16:10;