U0=6;
R1=1;
R2=2;
R3=3;
R4=4;
R5=5;
C1=3;
C2=2;
C3=1;
L1=2;
I0=2;