J=3.2E-6;
b=3.5E-6;
Ke=0.02;
Kt=0.02;
R=4;
L=2.7E-6;