a2 = 50:-5:-50;